image: 3rd.pgm
resolution: 0.050000
origin: [-15.162019, -16.391714, 0.000000]
negate: 0
occupied_thresh: 0.65
free_thresh: 0.196

