image: map_carto_bk.pgm
resolution: 0.050000
origin: [-20.373878, -34.947253, 0.000000]
negate: 0
occupied_thresh: 0.65
free_thresh: 0.196

