image: tag_test.pgm
resolution: 0.050000
origin: [-9.400703, -16.572705, 0.000000]
negate: 0
occupied_thresh: 0.65
free_thresh: 0.196

